42
468
335
1
170
225
479
359
463
465
206
146
282
328
462
492
496
443
328
437
392
105
403
154
293
383
422
217
219
396
448
227
272
39
370
413
168
300
36
395
204
312
323
334
174
165
142
212
254
369
48
145
163
258
38
360
224
242
30
279
317
36
191
343
289
107
41
443
265
149
447
306
391
230
371
351
7
102
394
49
130
124
85
455
257
341
467
377
432
309
445
440
127
324
38
39
119
83
430
42
334
116
140
159
205
431
478
307
174
387
22
246
425
73
271
330
278
74
98
13
487
291
162
137
356
268
156
75
32
53
351
151
442
225
467
431
108
192
8
338
458
288
254
384
446
410
210
259
222
89
423
447
7
31
414
169
401
92
263
156
411
360
125
38
49
484
96
42
103
351
292
337
375
21
97
22
349
200
169
485
282
235
54
500
419
439
401
289
128
468
229
394
149
484
308
422
311
118
314
15
310
117
436
452
101
250
20
57
299
304
225
9
345
110
490
203
196
486
94
344
24
88
315
4
449
201
459
119
81
297
299
282
90
299
10
158
473
123
39
293
39
180
191
158
459
192
316
389
157
12
203
135
273
56
329
147
363
387
376
434
370
143
345
417
382
499
323
152
22
200
58
477
393
390
76
213
101
11
4
370
362
189
402
290
256
424
3
86
183
286
89
427
118
258
333
433
170
155
222
190
477
330
369
193
426
56
435
50
442
13
146
61
219
254
140
424
280
497
188
30
50
438
367
450
194
196
298
417
287
106
489
283
456
235
115
202
317
172
287
264
314
356
186
54
413
309
333
446
314
257
322
59
147
483
482
145
197
223
130
162
36
451
174
467
45
160
293
440
254
25
155
11
246
150
187
314
475
23
169
19
288
406
459
392
203
126
478
415
315
325
335
375
373
160
334
71
488
298
19
178
274
271
264
169
193
486
103
481
214
128
303
100
28
126
44
425
24
473
62
182
4
433
6
94
226
32
493
143
223
287
65
401
188
361
414
475
271
171
236
334
212
261
397
168
286
51
141
195
196
125
20
126
77
195
159
303
372
467
179
94
352
485
19
465
120
153
301
88
61
427
11
258
171
316
77
228
44
259
165
110
383
87
66
488
78
475
126
128
130
429
424
21
403
463
124
97
238
262
196
26
265
261
203
117
31
327
12
272
412
48
154
21
291
425
189
264
441
352
163
330
401
214
459
79
366
8
478
201
59
440
304
261
358
325
478
109
114
388
302
351
461
429
494
385
406
41
112
205
336
357
73
351
324
486
57
217
127
358
27
358
338
272
370
362
397
23
118
113
218
197
86
42
424
130
230
66
60
433
297
356
54
463
85
235
155
473
458
370
33
464
108
484
412
136
68
349
176
439
224
143
255
12
242
176
460
326
222
371
127
435
206
284
351
399
280
202
194
235
138
35
57
494
177
206
463
49
382
301
414
142
356
356
143
463
112
378
425
179
253
444
297
174
41
314
376
73
319
111
18
433
113
196
170
332
41
489
186
91
498
90
491
146
354
315
152
241
45
259
336
260
193
106
265
182
4
330
276
109
293
498
50
57
62
128
468
42
130
241
314
175
102
78
216
184
214
493
325
102
393
260
171
429
28
85
76
287
499
471
288
348
105
4
222
164
207
364
11
172
490
241
165
43
120
414
92
205
319
233
251
206
476
40
304
423
99
248
85
149
472
365
414
76
46
213
47
179
270
263
20
486
290
445
366
41
246
9
319
371
102
324
133
473
153
88
71
264
402
104
424
28
101
470
16
66
29
44
348
89
444
138
410
464
50
182
89
343
109
61
222
259
455
389
147
191
450
344
431
121
249
68
37
284
36
227
186
39
354
130
225
249
424
360
258
267
445
456
319
227
412
26
356
2
50
497
85
16
465
343
76
414
143
197
449
73
427
107
174
430
405
206
127
313
376
94
66
37
237
142
315
495
257
153
437
339
483
356
16
132
231
342
126
12
138
187
191
151
163
135
394
354
417
453
9
263
234
455
304
135
304
257
149
125
318
214
110
29
201
81
319
359
51
156
362
265
404
177
144
410
403
62
490
449
283
154
175
221
403
424
332
370
379
260
9
120
472
4
446
282
5
393
186
314
199
90
223
439
38
411
462
235
9
462
460
494
16
270
438
370
59
201
472
265
118
216
56
316
331
40
213
289
83
455
86
211
485
275
381
316
452
42
116
180
111
399
74
289
478
133
457
190
114
9
442
291
224
364
29
185
279
201
72
386
475
72
334
368
154
296
169
326
177
130
151
99
310
194
187
81
117
250
168
29
180
365
422
406
327
317
17
227
167
88
182
465
341
187
22
163
222
65
310
416
403
374
125
442
246
263
424
32
307
269
319
103
408
308
482
13
137
131
115
310
85
57
291
294
497
153
55
346
209
249
492
213
132
115
440
459
223
205
496
53
270
480
239
424
419
367
160
499
487
197
463
134
159
23
147
393
38
426
148
459
103
308
99
331
293
101
279
300
353
449
383
41
316
76
263
68
337
398
419
398
329
352
317
231
450
426
159
230
21
441
61
148
163
156
176
293
362
255
399
147
215
447
189
70
139
164
76
16
22
476
116
29
235
71
406
465
58
463
162
25
50
470
331
424
351
334
426
411
238
337
338
279
394
137
215
165
92
450
136
6
338
5
338
124
165
471
109
69
282
86
153
374
153
195
377
327
397
73
250
141
175
320
444
112
442
290
420
66
306
86
217
451
116
110
65
167
394
75
10
301
196
74
90
162
173
469
359
32
269
427
11
423
275
280
411
53
183
392
496
265
375
365
403
256
461
475
473
322
123
48
78
290
106
196
95
451
344
255
482
13
173
440
429
413
263
468
409
416
409
224
260
435
205
487
320
459
446
307
167
201
368
193
288
33
57
475
448
22
284
223
332
377
84
449
224
483
19
277
221
112
183
357
491
426
325
487
178
470
144
35
178
169
69
492
197
284
329
228
427
372
198
113
204
28
409
46
9
186
239
238
444
314
2
351
129
112
151
150
193
455
370
182
466
268
214
294
135
473
473
331
402
443
178
378
271
203
365
382
91
324
238
24
180
96
170
328
43
311
183
59
427
488
171
29
152
259
214
361
284
287
243
111
473
129
435
342
219
4
368
366
439
382
258
251
115
99
459
162
64
257
308
279
490
436
366
76
87
387
334
361
331
49
429
493
434
341
267
236
311
100
338
393
483
329
353
370
245
295
109
253
148
433
36
209
265
498
244
150
16
342
190
101
313
149
24
352
475
134
392
201
355
491
198
420
281
79
432
45
341
488
400
26
484
39
493
194
253
12
61
335
341
498
286
30
41
306
292
393
211
50
79
480
472
278
74
194
121
498
327
277
291
83
79
160
419
490
160
450
425
73
381
9
468
209
478
4
371
108
197
75
223
112
20
262
57
391
164
184
217
433
453
242
455
314
363
397
461
116
405
100
137
181
199
33
388
85
241
18
7
171
242
383
250
24
259
106
122
96
297
417
179
179
80
59
78
251
8
230
82
496
179
177
254
400
285
66
94
109
173
244
430
15
169
56
192
474
423
249
152
487
145
447
78
18
130
417
375
292
470
413
147
194
92
316
450
358
141
53
237
52
488
227
163
456
184
395
181
98
66
66
14
262
79
79
379
141
112
448
446
171
476
490
251
150
334
366
215
283
8
433
397
368
23
383
311
142
232
188
206
480
322
39
352
448
209
147
277
260
190
423
167
487
456
29
115
361
254
278
349
4
362
432
83
456
198
107
253
322
297
282
22
456
448
125
319
136
377
275
360
499
75
254
423
136
144
389
154
233
248
181
427
179
451
302
462
200
356
364
217
74
62
246
474
275
51
354
182
288
200
111
144
466
173
30
482
113
477
382
248
391
172
306
373
33
490
321
166
432
159
294
207
79
449
207
172
167
397
198
21
195
30
289
110
485
470
479
118
16
127
185
169
407
429
98
119
391
200
286
487
200
421
211
272
314
416
86
319
81
332
268
388
445
187
8
361
328
75
432
153
272
269
194
386
338
312
105
178
407
269
23
414
1
43
38
39
389
356
290
148
182
94
85
488
262
494
218
2
483
448
166
254
105
85
96
26
222
465
282
373
107
157
344
94
81
81
369
412
214
469
252
217
80
269
41
32
434
280
164
260
154
437
96
366
375
221
336
181
477
456
226
72
309
60
157
103
333
406
441
376
63
386
463
81
337
298
203
9
81
341
77
59
494
241
47
475
274
98
381
336
73
401
208
456
167
142
89
482
169
316
397
226
10
13
137
456
263
44
243
22
423
13
249
19
369
218
215
151
291
336
260
170
396
304
141
480
200
106
292
162
182
153
254
34
30
488
43
254
84
421
315
219
245
64
230
153
365
270
471
6
48
95
488
327
277
324
41
180
491
89
211
272
446
222
471
184
90
456
479
280
7
263
136
488
197
34
89
436
280
494
291
463
466
2
106
308
68
170
135
172
458
499
46
98
219
339
345
373
64
29
265
302
224
491
105
102
228
198
193
272
364
302
364
222
66
422
446
111
496
242
23
313
152
16
56
394
239
280
383
109
155
323
208
246
339
145
291
340
155
105
124
226
79
225
482
331
234
224
95
131
347
488
446
306
117
251
490
339
464
136
198
210
131
225
409
238
475
421
373
294
356
235
62
57
107
185
76
383
120
242
433
185
280
280
284
168
337
126
119
238
29
120
78
238
92
57
296
61
402
294
433
137
81
376
408
185
75
220
291
477
42
352
330
291
475
73
92
190
288
491
240
394
54
64
182
404
6
177
480
196
140
469
499
84
140
16
122
494
327
223
339
329
82
400
479
392
24
444
335
244
350
203
208
3
142
188
347
392
138
414
401
317
191
163
436
127
411
378
383
261
190
206
375
164
223
196
67
361
39
89
312
246
468
426
368
190
43
64
48
3
118
100
24
227
204
49
52
71
137
459
468
457
406
32
463
320
476
57
32
496
45
92
304
389
416
451
320
273
292
384
134
276
143
70
301
455
79
86
258
334
394
491
104
251
234
223
272
112
491
339
142
259
48
353
159
480
303
184
491
3
69
423
396
136
9
362
243
195
200
189
179
43
358
442
348
470
346
381
414
465
211
62
386
74
5
463
204
103
70
155
30
53
75
150
231
245
345
50
119
66
364
53
274
471
232
248
12
370
399
499
104
353
180
54
44
23
89
64
335
351
23
241
412
493
152
81
478
117
377
179
221
116
349
299
180
136
358
384
163
403
263
421
271
23
274
342
187
389
418
218
393
199
268
250
66
390
433
120
82
4
131
29
132
90
153
131
173
365
408
296
429
182
491
111
178
72
237
460
144
341
134
38
394
131
275
494
283
204
462
291
163
308
498
152
424
391
218
141
204
67
384
162
160
246
387
152
266
102
341
210
498
284
251
59
422
176
82
288
272
288
500
5
480
139
201
31
462
119
206
41
329
460
123
399
261
99
436
482
115
68
494
97
162
247
39
171
39
477
56
418
372
261
253
259
434
256
66
227
402
35
260
394
49
274
293
194
434
138
104
191
212
195
169
128
499
490
249
380
148
150
432
170
376
99
450
437
100
124
444
232
155
362
435
386
468
317
394
205
367
454
309
224
185
293
168
49
470
431
312
315
91
428
244
105
100
475
196
7
159
90
359
310
390
448
41
319
365
476
27
90
4
67
413
341
71
177
396
142
487
152
110
188
84
86
391
251
187
256
382
129
3
278
363
425
66
373
333
386
429
147
390
479
384
426
266
261
46
279
322
356
21
428
274
135
252
176
337
335
2
238
311
475
91
357
72
81
436
146
283
326
219
74
213
38
499
406
163
218
193
40
48
447
104
232
116
340
359
330
146
395
200
146
273
176
363
73
274
481
239
398
43
109
204
278
126
135
402
79
383
170
237
479
440
139
222
427
164
178
76
225
482
201
462
363
3
449
96
185
17
138
8
494
285
445
260
322
59
144
169
178
120
358
42
392
265
124
416
73
430
342
216
116
37
458
260
201
453
94
242
330
449
228
299
225
325
275
134
386
39
171
363
130
85
410
379
424
86
401
25
194
106
413
266
268
408
178
285
205
291
335
392
122
86
235
191
43
499
87
19
122
425
98
377
255
170
109
428
494
69
367
103
439
101
320
319
291
485
340
57
309
133
479
315
288
240
75
21
328
55
489
442
299
143
3
322
105
447
57
10
334
209
262
34
187
305
386
143
343
261
162
121
344
79
188
114
64
92
435
416
157
262
13
412
460
252
239
371
125
8
8
85
452
102
490
459
442
291
14
413
356
61
94
473
403
177
44
374
267
152
276
29
33
262
470
4
230
108
393
452
454
393
71
20
473
408
495
6
441
384
263
410
108
39
361
472
172
155
448
15
24
230
490
267
388
257
133
471
240
167
23
284
161
54
206
92
260
387
188
130
43
318
46
357
389
453
155
467
334
261
420
132
239
268
277
99
315
321
54
8
470
217
223
343
8
464
261
448
294
131
218
44
377
315
127
118
335
121
172
293
465
155
367
194
165
276
1
213
101
52
477
380
444
378
290
362
386
273
435
145
62
64
5
447
389
309
158
431
124
465
75
347
338
482
319
112
293
92
333
124
462
492
462
331
499
370
292
401
180
118
318
415
96
442
437
368
29
454
410
474
482
4
70
317
384
368
386
403
231
158
182
68
311
367
188
172
478
246
265
239
172
48
116
93
312
158
406
54
172
81
241
31
176
321
291
378
499
87
105
490
132
245
389
111
219
420
260
428
110
120
480
217
301
397
354
459
331
94
307
350
355
273
161
295
55
334
147
230
472
429
60
242
422
189
367
34
186
271
330
262
361
209
483
163
7
379
480
398
388
39
470
284
41
296
267
134
10
58
318
135
54
136
259
94
344
194
467
452
141
95
438
175
13
98
52
196
318
493
293
238
31
114
297
211
390
129
310
287
245
341
183
70
121
394
293
463
215
28
308
195
206
214
12
414
194
165
204
496
263
382
447
410
49
269
125
12
455
236
128
134
241
363
128
78
318
341
143
101
401
59
477
155
436
431
332
296
38
124
423
428
30
212
212
255
381
254
294
322
286
29
444
1
56
172
271
453
376
132
141
435
41
487
335
249
40
266
297
313
263
53
232
488
465
58
249
57
171
451
183
302
294
100
333
45
332
76
5
51
27
67
239
302
124
344
442
381
196
419
160
364
129
330
89
355
114
480
70
167
180
78
338
403
116
293
224
373
449
324
154
449
396
198
9
409
412
494
166
282
203
111
329
257
206
466
24
270
216
254
306
185
479
146
341
334
286
401
469
495
134
386
349
282
33
257
411
373
483
402
307
136
361
472
28
138
344
269
234
496
172
104
443
12
380
35
13
94
31
162
235
259
427
407
192
444
189
228
220
485
225
94
436
225
95
83
368
128
6
147
187
90
41
238
351
260
79
457
178
404
43
301
312
226
144
96
17
116
305
7
369
142
336
199
326
314
24
313
119
458
397
340
87
95
347
44
23
412
281
456
359
348
371
491
374
328
414
455
397
473
451
242
142
147
26
214
325
430
196
404
95
494
68
188
141
80
42
126
35
361
1
408
122
193
294
118
218
404
444
394
140
12
426
29
479
249
351
393
445
155
124
354
37
48
347
327
62
405
239
72
387
406
300
57
229
268
252
20
492
167
218
347
94
188
422
413
368
300
445
398
202
329
443
105
269
269
142
297
263
221
245
419
126
220
85
175
485
460
150
15
196
4
33
352
38
315
364
152
220
291
418
184
419
85
253
87
270
249
138
398
425
169
28
149
494
383
272
170
394
378
15
105
485
444
496
312
294
393
299
491
300
391
494
75
50
275
315
174
70
219
366
334
239
412
253
464
9
150
89
246
232
421
107
272
369
422
259
158
148
483
239
123
224
407
207
190
157
346
352
424
119
51
98
337
92
407
11
314
152
381
345
244
242
246
79
450
206
15
286
228
125
205
357
418
228
56
103
287
469
199
480
412
490
259
491
276
411
133
90
297
451
113
123
30
173
337
278
54
477
171
86
153
252
398
252
2
436
194
73
417
217
329
12
126
339
297
440
45
57
327
403
259
89
22
87
109
278
129
480
448
50
281
246
129
63
427
220
178
92
48
286
232
407
185
455
270
210
457
422
446
466
17
361
498
336
191
178
50
6
387
389
176
144
378
131
488
56
483
254
1
255
290
489
216
9
311
441
300
498
208
455
305
238
486
500
293
114
113
183
484
352
130
138
34
101
365
184
358
469
211
469
209
142
233
438
185
500
202
370
84
257
193
141
88
13
311
321
336
164
116
398
178
275
135
54
34
379
287
125
235
76
350
213
485
125
293
5
323
56
414
463
474
85
161
123
54
398
323
251
338
418
7
432
198
6
237
358
100
291
399
486
448
85
93
226
497
356
329
339
343
429
296
243
38
7
268
54
294
6
147
110
425
355
466
240
207
210
493
500
176
37
62
148
119
14
228
213
397
410
342
131
91
35
416
287
24
167
345
237
38
417
394
450
472
345
278
286
201
91
286
326
119
169
7
230
9
42
226
37
481
217
471
385
248
329
437
205
201
24
365
412
41
251
5
484
267
142
171
346
7
89
257
108
267
358
179
200
175
156
192
491
333
359
497
418
291
468
208
235
247
463
403
240
427
96
407
315
351
87
280
277
323
380
302
313
177
165
358
71
39
313
145
62
181
201
144
357
62
148
440
309
291
453
480
119
420
8
285
48
478
176
114
210
372
143
340
337
122
2
35
130
359
437
470
398
5
299
203
106
239
33
66
17
482
80
24
228
272
314
383
141
317
489
320
90
14
260
352
272
284
365
39
13
185
260
2
75
234
60
215
150
96
23
42
417
378
53
66
392
139
311
468
56
288
225
223
440
442
149
305
335
369
442
373
169
475
177
138
134
242
246
19
16
475
253
347
457
25
467
82
145
241
335
297
377
28
206
19
292
142
466
192
472
260
201
218
17
444
125
65
6
158
3
167
276
47
133
290
47
146
4
153
402
327
154
185
150
351
406
347
26
471
337
296
294
324
33
357
397
211
277
193
51
291
296
353
351
316
37
362
261
485
230
35
51
83
307
437
85
291
118
183
67
117
389
426
102
111
451
483
122
194
39
255
94
396
281
139
168
421
346
384
366
197
334
391
133
190
340
184
318
130
254
180
114
101
253
146
362
152
319
464
314
408
55
477
118
212
430
265
467
32
443
199
23
156
88
258
159
465
263
11
447
66
381
166
447
41
298
43
465
195
85
271
216
201
207
107
303
197
334
112
68
416
146
176
355
449
420
80
489
322
93
98
198
10
153
72
159
123
360
498
500
400
121
321
37
485
413
416
454
486
242
200
68
209
345
170
182
380
109
208
260
207
350
76
27
125
108
275
385
129
47
146
482
215
150
169
339
308
294
5
106
198
218
456
142
344
134
98
180
237
56
134
455
431
253
405
280
489
371
255
73
177
202
416
87
232
481
476
261
15
439
158
491
439
482
448
243
119
71
132
62
220
282
491
334
173
64
303
3
429
222
399
448
446
407
223
187
295
78
345
184
48
241
486
465
224
338
154
169
131
256
467
359
13
157
319
202
143
277
7
203
185
24
271
313
251
476
312
351
196
489
21
102
184
299
393
349
285
246
188
463
344
259
360
372
17
173
333
442
184
89
16
477
17
299
40
284
206
498
147
270
176
418
388
21
31
443
236
390
374
481
74
278
287
382
286
23
346
480
86
214
436
236
384
187
97
149
86
253
22
261
483
137
189
420
237
293
66
279
199
497
387
12
477
48
122
203
246
203
65
40
73
258
371
421
155
360
81
299
392
461
11
92
368
34
176
137
500
276
291
377
257
273
204
87
468
16
43
496
67
457
187
438
199
127
365
86
166
409
341
361
315
155
13
253
339
207
26
131
250
180
80
314
339
18
422
146
492
470
340
309
66
263
474
182
471
148
54
209
9
216
430
67
190
164
272
42
260
132
73
15
467
489
171
169
200
156
351
445
437
279
407
428
314
24
372
328
74
462
174
435
103
88
418
464
154
127
96
496
214
407
371
360
306
497
334
224
353
380
20
127
294
86
466
372
445
108
272
88
100
20
97
216
53
493
254
258
91
460
358
387
310
366
187
20
260
314
436
29
102
469
370
457
232
79
75
396
344
275
317
25
12
86
223
472
58
96
175
39
184
159
296
223
484
232
4
233
301
91
481
409
6
203
359
319
58
62
121
29
157
214
333
93
183
468
321
359
75
488
95
484
365
265
215
247
391
426
256
164
468
293
232
120
381
219
129
449
221
80
92
267
88
309
127
326
160
19
221
36
315
457
148
157
135
361
252
209
479
295
90
25
477
195
91
190
373
420
302
203
345
24
40
110
328
138
187
417
328
170
124
400
15
416
145
437
170
379
177
359
453
347
138
416
489
117
289
383
75
334
416
57
157
63
117
25
130
443
485
373
50
397
27
83
203
276
417
166
53
260
256
418
345
55
444
325
500
423
122
234
414
418
294
374
61
176
75
486
2
123
209
396
27
221
292
489
430
73
478
194
9
255
423
377
138
317
304
91
413
290
254
480
300
323
403
103
370
155
230
235
439
275
227
464
135
473
349
454
4
308
19
334
438
196
180
162
145
160
462
408
77
473
146
93
473
129
197
312
36
336
230
217
33
457
159
250
121
297
225
121
27
407
484
446
75
192
89
39
165
105
378
354
443
5
124
353
126
112
343
225
150
136
91
147
329
356
305
242
410
382
280
103
84
193
33
313
100
162
48
406
291
70
460
129
140
229
81
472
279
441
457
149
445
246
126
211
199
117
181
316
65
227
473
480
94
483
6
37
334
106
88
233
139
166
65
19
400
33
9
397
439
479
139
246
60
170
245
363
270
50
19
468
59
144
62
104
191
187
227
104
5
301
269
424
348
397
67
231
166
153
1
118
174
287
169
98
80
225
229
261
159
426
268
313
235
453
170
63
71
212
236
391
212
65
251
461
46
268
255
288
218
66
443
89
274
316
80
338
389
270
387
331
310
141
322
320
382
127
21
412
455
394
485
358
500
337
330
451
458
406
366
335
50
95
93
271
120
18
314
254
118
478
161
6
154
92
63
77
355
73
135
17
51
194
446
353
248
22
62
345
260
367
386
440
219
108
269
55
51
433
300
21
236
99
293
417
183
30
317
60
259
84
400
136
358
71
272
343
281
378
407
296
187
404
253
219
36
286
429
179
461
102
450
365
386
127
158
238
342
439
94
97
34
494
269
374
436
110
97
382
62
240
85
424
500
232
350
443
107
351
288
41
270
224
89
468
84
401
159
107
439
464
421
367
259
186
24
230
299
357
471
176
197
184
489
120
447
191
276
470
20
342
198
46
155
159
59
295
292
342
338
401
233
176
237
439
459
81
86
14
285
254
228
286
427
171
37
282
371
50
349
78
200
336
74
138
352
232
118
234
72
377
30
232
45
343
468
1
29
417
135
500
258
241
82
124
442
132
250
40
300
76
100
364
246
227
202
425
84
390
236
25
396
246
171
484
218
393
253
325
274
241
256
469
71
344
31
257
266
115
481
459
359
125
9
312
168
218
429
91
100
81
371
491
413
1
65
276
85
183
412
107
369
145
327
437
367
93
489
339
366
213
448
447
160
53
272
257
111
58
167
251
171
146
426
149
375
275
44
430
37
264
17
359
435
302
62
156
316
175
83
140
83
25
401
76
338
377
301
425
365
38
196
26
130
352
289
295
245
207
76
72
491
385
320
480
196
159
308
346
375
439
157
321
433
267
223
458
54
272
456
390
126
30
129
40
28
395
491
149
55
18
193
31
119
149
57
491
283
244
440
302
494
428
270
394
34
432
93
136
27
343
81
117
462
218
408
421
246
167
122
283
283
7
492
371
116
196
144
264
272
93
436
218
413
382
468
222
453
323
329
231
430
425
200
154
152
295
42
265
384
221
145
389
78
214
203
159
203
254
250
59
76
91
139
324
396
202
206
59
124
288
42
27
31
210
321
436
44
32
175
403
101
72
276
10
431
295
123
237
391
16
453
255
283
434
189
356
461
446
424
43
160
488
444
348
85
390
169
289
199
281
480
208
314
361
448
347
272
183
345
143
449
137
354
50
389
324
326
252
191
140
47
363
276
125
79
486
104
282
378
351
49
171
495
217
230
227
39
416
173
353
363
422
168
129
466
330
260
83
390
487
420
236
141
167
133
486
323
4
162
397
142
151
433
373
362
271
314
166
146
121
311
129
471
122
97
5
15
300
211
270
53
236
472
345
331
383
262
396
152
167
84
211
259
373
296
407
15
453
285
406
313
22
342
76
291
26
112
168
483
284
388
294
51
180
269
275
385
130
336
461
106
12
493
325
51
17
61
302
260
310
424
68
301
226
257
141
49
156
308
450
492
261
383
337
220
271
180
226
20
310
202
132
325
308
226
302
284
470
489
165
464
125
35
271
352
498
225
12
68
266
341
380
456
29
162
433
228
161
140
167
238
49
349
405
49
66
222
134
176
242
15
148
363
455
177
455
159
222
285
189
467
117
357
181
430
38
130
390
344
5
102
385
421
488
137
53
83
29
367
473
194
459
180
484
488
324
398
97
95
402
154
21
4
473
21
433
454
325
34
58
166
233
281
168
467
191
369
427
329
480
145
204
450
334
4
411
241
28
111
28
283
394
188
364
462
66
100
252
319
82
59
104
359
239
179
465
458
73
222
423
257
368
261
299
344
235
342
20
353
63
412
312
294
406
382
152
261
399
272
343
195
85
36
1
456
156
324
151
189
440
11
18
433
449
211
496
420
149
190
172
352
196
224
138
150
301
408
135
385
178
313
142
305
497
163
38
52
352
233
66
439
446
229
195
27
179
246
429
206
150
258
313
402
200
228
193
354
296
43
68
150
377
256
243
249
104
316
48
74
466
250
138
170
332
471
54
269
53
179
157
482
196
87
430
232
279
360
253
90
459
239
55
473
209
157
172
148
4
12
175
320
108
206
100
289
262
46
436
493
233
77
168
404
368
400
55
168
213
115
130
294
478
355
13
332
390
327
148
300
490
175
337
113
388
458
4
492
483
330
28
362
453
497
147
184
98
55
33
103
446
477
225
82
196
124
133
344
103
370
283
490
438
100
36
180
155
153
400
351
133
446
294
372
150
91
205
178
206
320
251
29
229
223
169
286
275
185
152
385
38
416
190
182
75
260
351
47
261
428
234
422
162
319
47
351
264
462
347
459
95
372
446
3
247
421
255
454
261
87
420
236
117
114
336
93
19
266
371
337
26
247
145
13
483
316
106
227
202
274
307
81
94
491
92
215
224
358
201
350
323
286
263
203
269
375
153
349
236
139
263
238
273
293
201
344
20
482
371
492
146
485
215
86
80
400
283
387
120
151
194
186
17
109
389
500
426
397
270
332
315
3
471
38
99
78
399
352
389
464
54
6
242
268
163
156
82
196
119
373
95
171
39
122
446
24
244
366
219
136
438
100
500
193
55
125
32
67
430
223
57
319
376
193
411
362
133
229
23
150
278
327
349
279
278
339
176
445
126
140
322
341
141
467
82
149
48
452
408
52
111
58
78
10
404
77
41
24
75
455
370
407
486
500
49
431
74
159
317
385
374
32
105
284
292
423
11
488
365
69
495
80
24
210
158
142
286
478
24
273
329
436
50
18
10
244
368
266
91
392
370
39
105
277
213
492
194
410
121
198
163
129
101
260
343
441
90
495
143
121
487
147
465
487
272
444
467
475
446
289
350
328
455
5
282
247
258
286
115
351
333
174
444
313
233
384
240
269
90
184
210
488
296
246
413
140
436
249
480
208
231
455
102
441
44
219
413
378
124
473
484
386
187
221
258
203
440
107
277
425
153
38
36
200
317
391
368
107
222
476
21
293
66
48
259
185
32
330
283
206
163
190
424
371
343
283
197
181
470
73
216
52
237
256
175
478
155
230
383
352
270
238
302
177
105
74
162
198
96
126
486
63
230
61
219
74
80
210
163
225
75
183
476
316
344
447
33
69
185
362
473
287
267
90
152
105
234
95
77
99
105
34
469
185
418
465
117
15
67
497
374
149
11
397
442
292
367
90
21
356
449
252
82
272
326
229
174
455
310
431
239
492
240
354
449
68
55
378
491
198
57
274
90
363
37
430
389
40
86
342
168
21
61
48
82
383
107
490
285
404
461
463
233
393
344
64
424
112
241
193
444
271
420
350
113
77
346
487
57
104
365
499
9
379
339
224
6
412
194
118
444
228
15
291
417
302
340
45
237
13
275
434
241
402
184
136
329
134
438
135
78
172
223
264
160
41
369
283
349
367
291
228
459
72
107
306
2
435
271
56
8
300
231
76
304
440
195
489
165
174
49
359
281
488
265
214
14
453
171
479
267
205
417
150
378
338
38
460
433
456
106
27
438
367
415
156
291
447
183
136
94
437
347
239
457
404
215
100
42
426
75
325
345
364
250
277
98
335
148
427
44
245
93
262
270
176
140
197
482
472
269
214
167
31
307
110
291
60
185
47
260
104
107
392
94
197
84
451
58
436
13
168
370
166
404
474
292
17
150
16
119
244
389
498
212
92
375
64
126
8
371
122
228
159
337
276
222
77
300
420
242
112
213
210
136
264
331
15
337
284
33
489
340
206
171
441
369
392
229
486
38
321
125
498
355
204
495
63
366
55
201
303
215
130
295
27
464
29
249
180
352
200
4
443
281
17
291
99
359
231
54
52
263
445
150
486
56
73
390
359
53
130
141
361
47
128
45
423
437
474
155
334
257
52
392
35
432
323
80
203
177
81
270
389
430
386
3
111
328
275
261
100
43
56
394
66
429
73
285
227
299
24
202
88
89
498
153
176
251
179
456
394
131
407
32
490
166
22
128
465
441
114
390
211
489
264
321
189
322
265
4
255
223
317
355
87
426
25
319
303
121
160
489
183
342
75
1
67
223
255
53
351
17
227
487
103
238
402
402
250
468
103
266
382
344
211
9
490
359
185
122
107
87
488
372
491
473
19
74
354
282
163
497
214
452
116
305
286
334
65
5
338
454
285
334
473
422
45
371
258
89
130
298
341
424
402
344
377
232
1
149
114
254
312
194
333
452
315
100
217
213
335
350
253
413
142
210
451
181
70
36
63
366
112
318
12
264
322
107
346
444
351
94
165
443
445
334
237
3
26
60
454
8
7
44
130
252
71
396
229
42
60
221
216
445
179
159
385
239
384
139
238
136
31
283
316
81
22
426
253
205
447
413
5
46
326
245
50
495
30
133
10
317
430
262
134
431
247
33
284
374
440
381
336
488
71
90
130
61
22
98
190
164
445
122
206
316
214
335
500
138
116
165
59
12
384
347
444
238
332
156
252
352
291
53
296
421
62
361
268
274
35
134
192
302
379
388
380
1
116
210
73
62
453
471
324
65
38
51
111
292
479
444
162
322
219
299
184
434
196
210
73
469
204
365
346
350
51
147
143
445
156
460
269
386
302
269
348
107
188
36
310
365
134
352
141
126
225
347
201
339
32
222
218
125
85
316
345
353
20
71
368
420
175
488
31
346
217
45
200
163
186
116
322
3
42
305
74
234
453
312
230
225
160
484
166
346
451
327
92
398
214
372
487
163
191
85
407
419
123
220
167
219
492
460
67
104
280
499
368
346
104
431
21
26
35
322
334
236
288
394
328
349
125
193
419
301
245
432
87
196
9
254
98
193
122
320
408
72
23
62
492
53
252
24
466
457
481
62
466
24
301
329
236
454
113
183
377
158
290
293
200
277
462
343
132
161
201
139
81
121
46
430
169
142
263
335
134
271
83
1
61
365
142
100
337
166
334
30
328
255
29
320
485
111
169
418
398
126
407
411
464
49
191
470
345
100
144
156
465
38
59
207
412
415
448
294
130
88
81
86
265
235
77
16
119
385
348
149
48
56
333
282
338
428
397
360
325
300
154
202
342
405
230
216
66
151
33
84
220
297
440
279
239
242
304
7
121
171
350
206
25
79
288
485
130
140
399
474
139
316
3
42
486
64
212
67
328
84
431
66
83
483
332
236
291
313
257
303
449
14
127
498
65
216
294
408
438
419
339
425
71
184
346
329
60
484
222
38
61
350
424
384
406
348
314
287
485
410
235
1
471
340
158
169
357
486
93
23
234
236
384
328
500
62
91
136
101
480
74
407
386
246
210
337
482
440
200
102
408
196
220
85
428
356
61
134
453
301
104
189
399
376
70
305
491
344
58
358
320
376
150
191
447
299
468
347
10
81
480
482
208
220
139
426
200
271
15
11
356
233
266
119
221
238
265
210
204
45
51
42
302
345
428
142
411
197
325
184
99
141
132
71
255
36
404
446
110
415
33
418
131
319
433
414
91
462
133
136
18
146
322
319
306
334
222
247
471
289
395
9
228
336
78
176
206
51
143
255
319
391
225
480
366
255
172
23
345
268
10
411
373
53
375
478
198
371
442
268
342
118
469
66
322
156
228
415
284
138
433
50
163
383
36
93
136
431
35
21
229
189
225
135
234
104
126
123
283
261
66
431
265
424
323
487
409
139
132
66
427
363
64
379
420
352
242
316
77
169
22
99
88
32
240
340
53
331
475
282
243
119
401
201
235
107
181
291
424
400
169
486
135
456
45
445
209
301
220
19
350
448
81
300
449
185
120
133
341
389
271
298
434
141
123
46
41
228
251
83
248
100
51
231
397
305
332
306
52
83
140
268
371
177
144
57
474
117
458
287
367
434
344
173
315
299
472
438
262
310
421
87
328
442
54
324
29
492
98
100
382
324
311
172
79
494
91
154
235
267
248
114
423
246
475
489
23
378
20
84
467
306
295
147
325
442
90
99
298
67
461
392
74
466
106
307
439
397
19
263
445
227
16
394
324
70
125
219
370
473
171
162
16
326
230
495
38
196
331
50
301
202
295
62
304
493
460
449
207
114
470
140
456
62
152
411
178
77
40
223
3
225
197
350
24
413
224
215
372
309
121
482
157
299
150
146
498
467
444
449
393
32
205
196
295
451
150
452
82
99
346
176
246
85
434
101
400
68
298
10
442
232
100
399
475
388
260
263
146
230
160
325
268
467
469
428
95
350
297
43
424
397
418
412
369
49
282
334
75
189
385
169
469
426
205
345
422
461
412
423
452
201
343
131
426
431
452
221
199
28
481
406
383
426
115
113
205
193
10
439
6
367
167
172
81
465
42
27
387
436
234
252
225
77
293
160
452
97
28
308
288
28
421
306
128
338
211
84
304
138
484
342
136
122
278
279
81
435
212
230
354
431
409
231
449
133
142
171
417
64
319
316
485
10
475
242
386
409
461
249
86
279
102
172
6
402
297
173
110
232
488
171
26
185
303
228
247
189
353
198
490
396
399
452
19
374
258
220
374
416
69
384
111
360
126
97
340
84
19
160
19
62
168
104
167
439
227
194
383
377
261
239
58
281
55
79
62
369
22
174
99
258
259
420
346
402
190
217
457
240
226
126
33
179
422
217
263
288
209
239
31
106
491
300
70
408
254
414
157
286
84
349
94
300
363
107
167
236
220
172
165
100
109
348
15
415
213
8
123
328
493
321
500
399
272
387
193
53
218
25
489
194
90
189
415
297
269
347
359
238
246
69
298
326
148
222
238
144
408
171
50
47
40
253
13
21
432
477
192
26
346
100
417
275
57
178
373
237
9
397
310
133
359
289
245
5
431
228
150
20
369
175
402
362
256
467
428
314
363
281
319
229
290
214
442
224
297
232
341
232
136
133
83
383
251
145
353
458
102
269
34
274
395
420
27
384
34
283
13
437
326
53
313
25
346
297
203
274
259
306
178
359
112
282
151
71
481
254
328
360
217
298
119
219
278
382
66
153
214
372
177
87
375
243
242
10
98
163
249
243
149
93
37
121
118
230
125
282
139
207
62
351
48
459
40
406
482
469
415
102
317
295
468
46
168
40
164
101
275
445
500
26
81
218
325
450
87
175
258
186
216
59
276
231
83
212
38
271
463
92
29
162
113
197
377
101
459
172
192
249
123
199
51
259
229
146
243
439
361
474
478
494
196
405
214
33
26
405
296
222
349
169
85
121
92
339
233
120
338
67
433
263
35
332
138
195
103
12
15
143
270
335
48
231
4
42
107
412
298
238
103
16
64
118
318
500
152
144
39
283
455
388
13
413
423
338
175
92
309
219
352
278
124
353
212
231
90
2
16
488
229
30
422
488
364
328
489
478
215
347
476
83
332
340
120
170
148
363
407
61
253
406
62
221
381
442
51
340
239
125
452
6
441
490
126
483
105
154
381
431
112
107
59
288
52
328
431
123
248
408
297
215
206
450
407
311
16
436
89
286
335
414
24
477
464
178
227
423
208
30
267
128
426
401
249
476
31
258
414
97
17
93
406
252
308
231
204
48
453
256
185
36
95
147
291
37
48
6
108
279
459
282
247
300
423
93
414
309
53
42
292
77
425
158
209
447
459
133
264
128
332
442
180
138
101
138
410
251
155
41
98
328
480
47
140
339
82
399
293
222
198
294
314
207
430
194
352
317
195
239
489
176
472
422
481
184
467
100
257
110
467
169
360
396
185
429
95
333
367
459
267
464
414
432
287
361
167
450
123
261
384
174
467
207
447
475
209
347
171
321
267
70
379
428
39
385
360
268
479
31
422
192
391
94
445
310
8
41
24
223
148
151
226
263
383
470
241
2
356
306
27
288
364
480
467
479
346
210
387
407
221
144
107
443
362
484
439
318
296
210
300
498
296
243
253
368
141
104
356
256
53
357
446
263
498
151
290
66
206
128
448
428
4
277
266
176
247
282
304
316
264
261
317
82
278
34
329
285
204
445
477
375
109
36
403
436
442
287
394
321
415
445
358
413
305
497
192
207
327
217
84
134
12
477
306
166
207
99
419
120
292
25
468
351
435
496
476
76
195
288
466
263
140
9
461
183
87
496
123
436
449
60
120
139
467
374
251
61
342
94
49
407
419
269
213
66
120
128
72
115
43
251
250
229
262
478
237
26
107
466
284
454
406
127
154
166
46
128
281
432
381
184
348
224
82
64
45
250
427
441
163
292
30
199
99
479
228
326
461
270
181
224
348
403
166
83
424
56
188
308
310
331
92
112
45
345
76
190
206
257
225
218
357
49
261
281
151
89
467
68
279
174
344
49
433
77
264
99
336
117
358
481
167
162
492
434
430
86
251
392
194
289
289
287
58
60
328
411
227
291
242
265
167
75
193
149
413
393
217
159
328
160
43
340
164
449
397
251
397
197
179
109
487
438
304
324
2
42
346
131
95
401
494
55
395
205
43
125
70
82
144
328
202
3
24
39
62
335
102
206
401
233
457
137
211
418
94
478
293
411
491
409
276
390
70
392
140
336
307
40
174
70
74
445
328
196
337
396
103
317
8
23
265
449
9
273
9
291
158
48
332
87
197
407
468
315
191
468
106
12
384
154
440
327
443
430
441
28
41
387
444
48
154
471
111
106
210
472
472
243
333
343
421
226
382
219
89
352
253
358
366
476
431
352
103
251
289
248
73
291
220
218
494
261
257
93
194
200
33
350
374
344
434
445
357
487
26
365
1
333
23
146
54
210
396
248
9
320
135
137
124
245
483
491
376
47
440
49
66
463
169
220
470
483
114
288
341
267
134
291
322
137
178
496
407
464
250
121
57
134
67
456
58
422
462
2
161
417
164
239
379
398
335
89
500
471
200
116
367
466
233
375
79
338
301
349
494
459
258
172
59
183
118
66
207
321
313
205
103
198
137
144
117
479
307
125
116
474
161
179
337
220
109
189
283
322
117
224
213
187
171
267
43
269
459
377
163
447
482
254
205
339
98
323
96
412
116
388
222
238
105
79
141
365
67
195
432
366
257
185
66
107
266
1
485
390
403
412
458
308
408
228
187
444
36
113
232
178
50
207
402
436
47
460
77
312
209
91
165
98
226
108
384
416
378
95
381
356
169
435
384
112
317
404
449
201
42
161
274
224
190
33
224
288
179
240
4
138
391
464
178
302
204
414
331
315
100
499
104
99
118
291
369
375
193
449
107
185
349
427
68
236
408
478
472
206
31
421
346
459
260
99
43
309
278
67
134
6
279
291
312
441
18
403
370
44
349
227
261
58
364
147
491
169
27
387
111
150
340
314
163
359
221
438
316
376
373
377
391
430
56
11
78
285
276
436
477
341
49
30
191
134
368
138
324
446
4
495
87
235
453
276
42
426
202
356
305
379
392
434
261
226
327
126
191
190
208
436
348
220
384
115
429
314
49
27
141
228
210
467
66
466
388
474
477
251
154
454
230
10
344
101
272
112
279
264
189
69
3
461
469
374
167
361
419
386
2
486
120
447
114
197
390
395
305
120
220
128
89
462
296
153
144
91
248
466
125
285
26
454
293
111
198
498
306
113
357
257
231
232
35
2
172
439
157
266
237
470
425
387
473
303
153
472
81
426
381
209
100
138
368
229
313
332
185
294
159
141
388
189
78
60
460
31
131
177
141
139
392
361
277
61
95
329
438
54
386
140
428
229
197
305
369
397
476
314
184
392
149
147
334
60
128
274
102
208
496
53
336
461
153
172
96
221
274
89
468
376
164
113
475
150
431
129
396
84
334
128
46
1
486
491
273
139
272
294
197
374
62
409
217
301
240
328
498
373
79
290
273
194
159
500
479
367
111
143
496
68
78
355
455
493
103
227
495
46
375
49
384
445
382
476
171
348
319
99
468
95
73
68
139
492
290
269
461
13
301
313
435
178
76
118
391
48
491
341
206
485
144
315
65
1
299
183
376
371
424
499
52
365
178
24
261
265
118
468
271
420
356
298
228
166
301
389
470
314
399
245
360
351
457
106
311
429
414
421
383
33
267
388
132
465
2
381
86
203
74
154
95
228
389
455
303
367
169
148
372
138
134
313
363
321
102
56
186
87
118
242
264
149
433
168
454
147
214
95
208
76
267
230
483
9
303
495
72
7
199
456
145
445
225
279
102
32
241
304
426
29
60
90
271
350
413
289
64
401
42
15
6
45
212
376
285
107
259
398
395
160
124
416
97
323
259
374
377
397
207
106
296
388
144
142
140
389
340
278
373
253
397
183
272
86
30
85
448
369
440
500
116
23
243
213
208
132
349
455
472
491
210
459
426
228
369
465
56
406
290
208
356
397
324
342
50
135
285
427
287
112
323
370
259
412
301
305
486
4
363
109
423
41
402
438
13
348
420
92
149
161
406
426
91
331
282
389
296
139
412
485
148
156
372
3
101
262
218
466
40
2
424
316
410
54
3
432
86
90
308
445
36
265
313
128
485
256
96
386
450
239
256
416
242
57
110
20
328
363
249
280
344
232
252
252
97
499
480
139
307
492
302
414
282
452
470
287
278
143
42
356
436
159
300
462
381
375
85
39
114
157
94
374
172
32
253
254
400
124
101
37
101
367
193
47
165
304
282
453
310
434
223
483
90
243
205
370
441
137
66
306
113
173
327
456
126
211
157
389
147
369
115
414
297
227
66
86
182
330
257
189
217
339
499
416
500
223
234
469
130
144
417
29
162
291
425
242
448
348
220
82
383
490
106
404
250
391
492
169
46
318
346
168
271
39
487
426
203
183
96
129
256
397
221
342
314
47
279
28
404
225
187
487
366
398
369
117
219
345
105
164
380
16
373
344
308
218
327
18
181
58
370
37
459
201
123
275
336
329
415
459
400
428
93
422
341
90
37
44
494
147
22
329
95
219
303
444
497
28
218
86
404
173
277
186
212
67
255
355
443
144
1
151
367
210
35
399
1
183
417
186
194
254
425
122
249
112
276
44
104
124
117
224
286
204
213
118
85
470
308
467
105
85
382
66
373
131
61
88
216
446
494
122
343
466
250
159
149
267
71
497
194
204
468
184
461
215
445
416
215
425
462
226
201
168
273
250
318
219
314
359
380
470
87
476
225
247
188
18
283
72
341
2
236
126
274
448
7
389
418
244
339
185
458
140
95
261
32
254
166
238
391
472
28
498
461
185
492
100
492
441
391
107
414
499
224
291
63
126
222
496
447
79
255
202
24
414
99
47
188
479
213
419
483
185
215
357
20
459
128
231
402
327
393
267
25
45
256
103
120
289
385
422
257
136
169
200
411
214
9
136
416
63
355
303
235
116
411
264
75
93
485
382
449
41
425
302
282
203
294
397
21
402
456
480
479
15
8
174
200
67
69
486
25
265
88
130
119
112
103
323
43
188
443
498
189
373
339
114
434
349
332
51
97
160
110
30
118
325
407
322
190
226
239
410
470
382
240
108
130
414
155
186
51
394
250
295
203
9
435
228
173
208
497
443
473
151
9
320
122
484
228
74
206
145
159
376
145
492
435
253
484
225
487
464
332
402
254
456
327
97
229
252
62
11
481
154
28
392
492
253
310
227
270
135
364
131
222
168
50
18
166
12
226
409
163
51
25
216
100
171
456
212
222
181
38
70
308
36
167
93
383
50
107
95
325
445
71
260
34
457
94
392
23
106
388
258
499
29
447
421
298
130
475
90
360
365
480
473
370
409
318
164
223
319
184
178
321
179
455
465
348
304
325
127
164
492
293
493
455
31
250
376
426
494
292
163
272
38
141
389
355
364
468
137
462
20
14
107
286
251
205
141
473
354
466
46
307
127
58
297
47
381
297
