11 11
3 6
8 7
7 14
7 13
13 8
8 17
9 6
18 18
6 8
7 16
8 12
18 13
4 12
1 19
11 3
8 18
15 11
14 14
8 9
6 2
9 1
0 6
5 19
13 7
1 15
1 1
18 5
12 17
0 8
15 20
13 7
3 10
14 4
10 11
1 13
13 16
10 5
18 9
15 20
3 1
18 17
2 9
0 19
6 14
12 13
6 13
0 3
13 4
16 18
5 7
9 3
16 1
8 19
16 8
18 13
14 9
-500 -500
10 15
13 2
8 5
1 2
10 4
1 18
0 8
8 8
16 10
13 18
16 5
18 15
0 15
15 8
16 7
16 7
17 9
5 11
7 13
18 4
7 15
12 4
14 18
15 18
10 4
12 19
11 18
16 18
0 12
2 19
7 11
17 3
19 5
1 17
5 5
16 1
1 11
12 18
13 2
16 17
6 12
15 12
2 10
16 15
14 10
2 18
13 5
17 2
12 20
1 17
19 12
11 16
4 16
10 15
7 20
4 8
18 8
1 15
6 7
3 10
13 4
15 3
17 20
11 14
12 13
8 1
18 11
6 17
9 18
6 15
19 7
10 7
9 10
19 12
13 15
12 11
17 3
14 12
10 9
8 3
0 2
7 7
16 14
13 13
6 16
11 3
13 4
3 7
15 11
1 1
17 7
12 19
5 3
3 8
6 20
19 11
6 13
18 3
7 1
14 7
4 4
5 2
4 11
19 14
7 7
6 12
8 10
14 10
7 4
13 4
0 13
13 12
12 16
8 15
18 4
10 3
16 12
1 12
18 16
1 19
11 5
15 4
12 10
12 18
6 13
17 7
12 4
1 10
12 9
5 9
16 10
0 2
0 9
15 13
6 11
2 3
18 11
15 18
8 1
10 13
14 3
7 9
14 9
0 7
0 20
14 20
3 4
5 3
10 18
14 2
16 3
5 12
9 11
7 9
7 20
2 10
0 19
10 2
10 3
6 1
14 3
19 1
18 6
0 18
0 1
7 14
0 13
11 17
18 14
3 5
7 15
1 1
6 11
14 11
4 19
6 12
4 12
3 7
5 8
15 20
8 20
9 10
18 13
19 6
14 12
2 7
11 2
17 15
1 19
13 19
4 17
4 2
17 9
11 6
16 2
10 12
17 17
5 1
11 3
2 4
9 20
16 10
19 20
10 15
9 5
8 3
15 9
6 5
17 4
10 14
11 11
18 18
11 18
11 3
1 3
16 6
16 20
2 14
19 15
12 2
19 19
17 10
19 14
1 4
15 10
17 4
2 16
19 15
18 19
6 4
5 8
0 5
17 14
12 15
19 13
2 14
13 11
16 4
13 18
16 12
17 2
8 15
13 14
16 18
18 2
14 5
16 8
10 11
9 7
5 10
7 7
4 9
16 11
9 17
18 19
9 12
10 10
2 4
12 14
2 19
19 6
8 1
12 5
11 18
9 3
6 6
12 1
7 11
17 12
7 2
8 2
12 20
10 16
7 10
11 3
0 2
17 6
16 8
15 12
19 18
4 6
2 7
12 6
7 2
11 5
14 14
17 19
14 16
10 9
4 5
15 12
15 4
12 15
17 7
3 12
17 17
17 7
2 10
12 4
19 12
17 4
11 13
7 13
3 13
16 17
13 1
18 20
15 4
0 9
4 5
6 19
10 13
18 16
18 10
13 9
8 12
9 19
2 7
12 14
6 14
13 4
5 7
17 4
19 10
17 3
9 14
7 3
10 9
10 15
13 20
1 14
5 3
6 3
10 13
7 4
11 20
5 1
9 10
13 8
3 3
4 3
11 7
9 1
4 6
9 1
15 2
14 19
11 4
4 20
8 7
8 16
4 17
9 6
5 6
1 12
17 6
7 3
14 18
18 17
16 15
11 18
10 14
18 4
1 11
7 2
11 7
6 6
6 15
19 17
7 16
4 12
2 12
12 12
15 18
1 15
3 12
11 13
11 15
3 8
4 9
3 4
0 7
19 18
16 2
17 11
2 3
8 3
17 11
17 2
14 16
6 19
17 13
4 12
13 14
12 5
8 20
0 20
6 2
18 3
12 4
1 20
8 15
16 6
3 13
8 13
10 18
13 4
9 11
19 13
17 2
17 5
12 3
10 12
6 13
19 15
10 19
5 7
18 16
11 1
7 13
3 9
8 19
2 8
12 17
5 1
6 19
1 1
13 7
13 17
12 14
7 20
7 15
19 2
7 3
15 12
15 16
8 1
3 20
9 13
9 8
2 4
10 2
10 12
18 6
13 7
11 16
4 11
7 14
13 15
16 7
15 19
3 13
14 2
4 3
7 15
13 2
2 9
17 2
15 4
12 15
7 1
12 20
3 8
5 14
10 11
8 9
15 13
16 16
9 4
11 6
14 4
8 2
14 18
9 15
12 7
10 2
9 1
6 8
0 14
14 10
18 10
12 12
11 11
10 10
4 11
11 13
3 15
9 1
16 13
11 17
13 15
17 12
16 17
14 11
8 18
17 15
9 4
19 16
16 14
16 2
9 7
0 19
11 3
4 9
9 7
13 17
11 10
5 16
1 10
3 17
9 17
11 12
3 20
18 1
16 15
19 4
3 15
16 4
0 17
19 13
6 16
19 2
8 16
13 10
2 20
14 19
17 9
12 17
12 15
9 12
4 9
6 16
19 8
4 8
0 5
19 9
10 20
5 4
9 11
5 19
5 10
7 12
18 19
15 10
12 18
3 4
16 19
2 11
19 2
7 7
1 3
15 9
4 10
2 12
2 13
10 2
13 14
1 4
10 6
12 4
7 11
5 13
17 20
15 12
8 9
10 10
1 10
5 6
18 4
18 9
16 20
8 3
9 10
4 8
19 20
8 2
18 6
2 8
1 5
12 16
14 9
16 5
15 16
13 8
19 12
10 19
1 6
7 15
15 15
14 19
11 19
11 12
11 9
3 16
18 2
1 1
13 14
15 2
2 19
0 9
15 7
6 15
7 4
1 4
18 1
12 9
13 20
4 7
7 18
19 1
18 3
0 1
2 11
7 3
12 16
9 19
10 16
9 12
1 13
9 9
6 8
1 2
1 7
16 18
19 10
15 20
3 16
14 12
11 13
13 11
0 18
6 17
16 5
4 2
2 19
17 3
7 3
3 19
19 4
7 13
9 5
11 8
16 16
6 12
2 20
13 11
6 15
8 4
9 8
6 14
0 4
5 8
9 20
6 15
15 14
4 1
15 3
6 17
0 8
13 11
5 4
2 6
18 18
5 7
13 15
16 15
14 17
3 15
0 1
15 19
13 14
3 13
3 4
1 20
13 12
6 5
18 8
17 12
8 6
5 2
16 20
5 13
0 6
16 1
16 11
14 2
1 1
9 13
11 3
7 16
10 12
7 8
16 14
17 9
0 20
8 13
6 11
14 17
1 15
2 20
17 18
14 4
11 9
10 10
18 17
17 13
15 4
8 10
3 12
3 2
7 20
5 13
7 18
7 9
19 3
17 18
12 13
19 17
3 14
9 3
8 18
10 11
4 19
18 14
14 19
3 14
7 9
12 17
12 16
15 20
9 20
5 15
19 14
11 6
10 14
19 16
12 14
11 19
1 2
17 17
7 15
16 6
17 17
10 5
11 16
3 15
16 8
9 9
8 15
7 6
6 3
19 14
16 1
7 4
10 14
12 2
9 15
6 12
6 18
15 2
2 3
14 16
18 20
1 10
17 13
6 1
9 2
6 7
7 3
11 15
19 20
12 5
4 1
15 14
16 1
10 11
19 9
5 18
12 12
6 18
8 16
2 20
1 15
7 6
1 19
15 6
13 11
12 14
0 11
4 16
17 2
12 20
16 10
19 9
10 15
12 19
3 7
15 10
0 10
11 4
19 14
2 4
10 6
17 10
13 14
0 16
7 13
16 2
7 9
5 10
13 7
10 11
16 8
6 7
8 19
18 11
19 16
13 6
19 12
3 20
8 18
13 8
8 5
3 16
10 3
2 20
15 18
9 14
6 13
19 8
19 13
15 6
6 1
19 6
17 2
13 17
11 7
7 15
10 16
16 2
4 5
3 19
2 17
8 2
16 19
9 20
12 18
19 9
4 20
17 11
2 12
19 15
19 8
15 18
19 4
4 9
5 1
0 16
8 16
0 1
8 6
17 15
10 20
13 9
10 7
6 13
12 6
3 12
5 3
16 16
18 6
11 7
9 15
4 10
15 3
8 10
9 2
10 10
15 8
6 5
18 4
7 5
2 4
6 8
7 2
0 9
15 18
4 3
16 9
4 13
17 9
9 10
19 15
17 19
2 9
9 5
18 16
0 9
19 5
7 5
19 10
16 2
10 11
11 2
2 1
7 18
12 8
7 16
10 4
10 17
19 9
3 14
12 7
16 16
5 2
15 1
7 2
2 5
11 15
10 18
11 4
10 12
19 18
5 16
18 18
8 1
14 14
16 11
10 20
7 19
11 15
9 4
5 4
14 17
18 20
7 2
15 3
5 7
14 4
4 10
4 17
19 13
